Player AVG GP-GS AB R H 2B 3B HR RBI TB SLG% BB HBP SO GDP OB% SF SH SB-ATT PO A E FLD%
JohnsonBobby  .354  28-28    99  16  35  10   0   0  18   45  .455   9   4  19   1  .421   2  2   3-5    151  29   4  .978
Popeohn.......  .343  27-26   102  22  35   8   0   6  31   61  .598  16   2  15   0  .442   0   0   1-3     35   3   2  .950
WilliamsJaveaya  .333  26-25    96  24  32   3   2   2  10   45  .469  15   4  12   0  .440   1   1  14-17    75   5   1  .988
WilliamsPhillip  .288  21-20    66  15  19   2   1   0   7   23  .348  14   2  15   1  .422   1   2   5-9     27  40   9  .882
MateoRobinson..  .219  28-28   105  16  23   3   2   0   4   30  .286  12   1  21   2  .305   0   2   7-7     87  45   6  .957
BlaiseMalik....  .152  25-24    79   8  12   5   1   1   7   22  .278   6   4  33   1  .242   2   4   3-4     37  57  11  .895
EusayChris.....  .286  16-8     35   4  10   0   0   0   2   10  .286   5   2   8   0  .395   1   0   1-3     18   3   1  .955
WheatleyAshanti  .275  17-16    51  13  14   6   0   0   6   20  .392  11   3  15   0  .424   1   0   4-5     28   1   1  .967
VelezEduardo...  .214   5-4     14   2   3   0   0   0   2    3  .214   0   1   4   0  .267   0   2   0-0      9   1   0 1.000
JugeJacob......  .212  18-7     33   7   7   3   0   0   5   10  .303  13   1  17   0  .438   1   0   3-3     18   0   0 1.000
CrainJohnathan.  .208  10-8     24   4   5   1   0   0   4    6  .250   4   0   5   0  .321   0   0   1-1     27   1   0 1.000
HudsonHampton..  .200  11-5     20   4   4   0   0   0   1    4  .200   6   1   8   0  .407   0   0   2-3     10   0   0 1.000
HarrisDondrayas  .170  19-19    53   9   9   3   1   0   3   14  .264   9   2  14   0  .313   0   2   1-2     36   2   1  .974
WattsRyan......  .167  19-15    54   5   9   1   0   0   8   10  .185   9   1  15   0  .297   0   0   0-0    120   7   4  .969
LewisTroy......  .161   8-8     31   3   5   3   0   0   6    8  .258   1   0  11   1  .188   0   0   0-0      5  18   3  .885
MontesinoFranky  .154  17-11    39   8   6   0   0   0   3    6  .154  10   2   8   2  .353   0   2   1-1     20  24   4  .917
MitchellEian...  .000   3-0      2   0   0   0   0   0   0    0  .000   0   1   1   0  .333   0   0   0-0      3   0   0 1.000

Totals..............  .252  28-28   903 160 228  48   7   9 117  317  .351 140  31 221   8  .368   9  17  46-63   719 283  53  .950
Opponents...........  .311  28-28   954 199 297  38  11  17 172  408  .428 122  22 155   6  .395  18  29  83-98   719 275  52  .950
